epochs train test
0       53.114285714285714    71.02
1       76.48571428571428    73.42
2       78.25714285714285    77.86
3       80.25714285714285    79.82
4       80.57142857142857    78.78
5       80.25714285714285    78.24
6       81.05714285714286    76.46
7       80.91428571428571    79.0
8       81.57142857142857    79.2
9       81.48571428571428    79.74
10       81.6    81.48
11       81.4    80.58
12       82.14285714285714    80.48
13       81.94285714285714    81.2
14       81.62857142857143    79.14
15       82.28571428571429    81.36
16       82.02857142857142    81.24
17       81.68571428571428    80.84
18       82.25714285714285    81.14
19       82.14285714285714    82.34
