epochs train test
0       67.91428571428571    79.38
1       83.51428571428572    84.54
2       86.11428571428571    84.38
3       88.02857142857142    87.04
4       89.88571428571429    89.36
5       90.45714285714286    88.7
6       91.34285714285714    89.1
7       91.4    87.22
8       91.6    90.78
9       93.14285714285714    91.98
10       92.4    90.92
11       92.11428571428571    91.66
12       94.2    91.92
13       94.54285714285714    92.86
14       94.62857142857143    90.78
15       94.65714285714286    90.74
16       94.8    91.94
17       94.0    89.22
18       92.57142857142857    91.7
19       94.25714285714285    92.5
0       66.65714285714286    79.96
1       84.6    84.0
2       86.45714285714286    87.44
3       89.02857142857142    88.04
4       89.17142857142858    88.78
5       90.8    92.0
6       92.28571428571429    90.44
7       92.74285714285715    91.1
8       92.62857142857143    89.02
9       91.4    90.44
10       92.91428571428571    92.74
11       94.4    92.9
12       94.2    93.42
13       94.45714285714286    92.14
14       94.77142857142857    93.34
15       95.31428571428572    93.46
16       94.88571428571429    93.46
17       94.97142857142858    87.36
18       94.2    93.18
19       95.88571428571429    93.2
