epochs train test
0       61.74285714285714    78.16
1       80.22857142857143    78.82
2       81.25714285714285    81.12
3       81.68571428571428    82.14
4       81.68571428571428    82.88
5       82.28571428571429    81.9
6       82.74285714285715    82.74
7       82.31428571428572    83.02
8       83.2    81.94
9       82.6    81.78
10       82.57142857142857    82.3
11       82.77142857142857    82.56
12       82.94285714285714    81.9
13       83.02857142857142    81.58
14       83.74285714285715    82.12
15       83.0    82.64
16       82.88571428571429    82.9
17       82.85714285714286    83.12
18       82.74285714285715    82.24
19       83.25714285714285    81.68
