epochs train test
0       34.4    55.68
1       72.8    77.92
2       79.62857142857143    80.74
3       81.94285714285714    81.68
4       83.14285714285714    82.9
5       83.71428571428571    83.74
6       84.77142857142857    84.32
7       85.62857142857143    84.92
8       86.34285714285714    85.58
9       86.57142857142857    86.04
10       87.02857142857142    86.18
11       87.57142857142857    86.7
12       88.11428571428571    86.7
13       88.22857142857143    87.3
14       88.65714285714286    87.8
15       89.54285714285714    87.98
16       89.48571428571428    87.3
17       89.71428571428571    87.84
18       89.68571428571428    89.3
19       90.91428571428571    89.5
